[header]
width=5
height=1200
tilewidth=40
tileheight=40
orientation=orthogonal

[tilesets]
tileset=../../../../Tiled/tileMap1600.png,40,40,0,0
tileset=../../../../../../../work/Tiled/tileMap1600.png,40,40,0,0

[layer]
type=块层 1
data=
0,0,0,0,0,
0,0,0,0,0,
0,0,0,0,0,
0,0,0,0,0,
0,0,0,0,0,
0,0,0,0,0,
0,0,0,0,0,
0,0,0,0,0,
0,0,0,0,0,
0,0,0,0,0,
0,0,0,0,0,
0,0,0,0,0,
0,0,0,0,0,
0,0,0,0,0,
0,0,0,0,0,
0,0,0,0,0,
0,0,0,0,0,
0,0,0,0,0,
0,0,0,0,0,
0,0,0,0,0,
0,0,0,0,0,
0,0,0,0,0,
0,0,0,0,0,
0,0,0,0,0,
0,0,0,0,0,
0,0,0,0,0,
0,0,0,0,0,
0,0,0,0,0,
0,0,0,0,0,
0,0,0,0,0,
0,0,0,0,0,
0,0,0,0,0,
0,0,0,0,0,
0,0,0,0,0,
0,0,0,0,0,
0,0,0,0,0,
0,0,0,0,0,
0,0,0,0,0,
0,0,0,0,0,
0,0,0,0,0,
0,0,0,0,0,
0,0,0,0,0,
0,0,0,0,0,
0,0,0,0,0,
0,0,0,0,0,
0,0,0,0,0,
0,0,0,0,0,
0,0,0,0,0,
0,0,0,0,0,
0,0,0,0,0,
0,0,0,0,0,
0,0,0,0,0,
0,0,0,0,0,
0,0,0,0,0,
0,0,0,0,0,
0,0,0,0,0,
0,0,0,0,0,
0,0,0,0,0,
0,0,0,0,0,
0,0,0,0,0,
0,0,0,0,0,
0,0,0,0,0,
0,0,0,0,0,
0,0,0,0,0,
0,0,0,0,0,
0,0,0,0,0,
0,0,0,0,0,
0,0,0,0,0,
0,0,0,0,0,
0,0,0,0,0,
0,0,0,0,0,
0,0,0,0,0,
0,0,0,0,0,
0,0,0,0,0,
0,0,0,0,0,
0,0,0,0,0,
0,0,0,0,0,
0,0,0,0,0,
0,0,0,0,0,
0,0,0,0,0,
0,0,0,0,0,
0,0,0,0,0,
0,0,0,0,0,
0,0,0,0,0,
0,0,0,0,0,
0,0,0,0,0,
0,0,0,0,0,
0,0,0,0,0,
0,0,0,0,0,
0,0,0,0,0,
0,0,0,0,0,
0,0,0,0,0,
0,0,0,0,0,
0,0,0,0,0,
0,0,0,0,0,
0,0,0,0,0,
0,0,0,0,0,
0,0,0,0,0,
0,0,0,0,0,
0,0,0,0,0,
0,0,0,0,0,
0,0,0,0,0,
0,0,0,0,0,
0,0,0,0,0,
0,0,0,0,0,
0,0,0,0,0,
0,0,0,0,0,
0,0,0,0,0,
0,0,0,0,0,
0,0,0,0,0,
0,0,0,0,0,
0,0,0,0,0,
0,0,0,0,0,
0,0,0,0,0,
0,0,0,0,0,
0,0,0,0,0,
0,0,0,0,0,
0,0,0,0,0,
0,0,0,0,0,
0,0,0,0,0,
0,0,0,0,0,
0,0,0,0,0,
0,0,0,0,0,
0,0,0,0,0,
0,0,0,0,0,
0,0,0,0,0,
0,0,0,0,0,
0,0,0,0,0,
0,0,0,0,0,
0,0,0,0,0,
0,0,0,0,0,
0,0,0,0,0,
0,0,0,0,0,
0,0,0,0,0,
0,0,0,0,0,
0,0,0,0,0,
0,0,0,0,0,
0,0,0,0,0,
0,0,0,0,0,
0,0,0,0,0,
0,0,0,0,0,
0,0,0,0,0,
0,0,0,0,0,
0,0,0,0,0,
0,0,0,0,0,
0,0,0,0,0,
0,0,0,0,0,
0,0,0,0,0,
0,0,0,0,0,
0,0,0,0,0,
0,0,0,0,0,
0,0,0,0,0,
0,0,0,0,0,
0,0,0,0,0,
0,0,0,0,0,
0,0,0,0,0,
0,0,0,0,0,
0,0,0,0,0,
0,0,0,0,0,
0,0,0,0,0,
0,0,0,0,0,
0,0,0,0,0,
0,0,0,0,0,
0,0,0,0,0,
0,0,0,0,0,
0,0,0,0,0,
0,0,0,0,0,
0,0,0,0,0,
0,0,0,0,0,
0,0,0,0,0,
0,0,0,0,0,
0,0,0,0,0,
0,0,0,0,0,
0,0,0,0,0,
0,0,0,0,0,
0,0,0,0,0,
0,0,0,0,0,
0,0,0,0,0,
0,0,0,0,0,
0,0,0,0,0,
0,0,0,0,0,
0,0,0,0,0,
0,0,0,0,0,
0,0,0,0,0,
0,0,0,0,0,
0,0,0,0,0,
0,0,0,0,0,
0,0,0,0,0,
0,0,0,0,0,
0,0,0,0,0,
0,0,0,0,0,
0,0,0,0,0,
0,0,0,0,0,
0,0,0,0,0,
0,0,0,0,0,
0,0,0,0,0,
0,0,0,0,0,
0,0,0,0,0,
0,0,0,0,0,
0,0,0,0,0,
0,0,0,0,0,
0,0,0,0,0,
0,0,0,0,0,
0,0,0,0,0,
0,0,0,0,0,
0,0,0,0,0,
0,0,0,0,0,
0,0,0,0,0,
0,0,0,0,0,
0,0,0,0,0,
0,0,0,0,0,
0,0,0,0,0,
0,0,0,0,0,
0,0,0,0,0,
0,0,0,0,0,
0,0,0,0,0,
0,0,0,0,0,
0,0,0,0,0,
0,0,0,0,0,
0,0,0,0,0,
0,0,0,0,0,
0,0,0,0,0,
0,0,0,0,0,
0,0,0,0,0,
0,0,0,0,0,
0,0,0,0,0,
0,0,0,0,0,
0,0,0,0,0,
0,0,0,0,0,
0,0,0,0,0,
0,0,0,0,0,
0,0,0,0,0,
0,0,0,0,0,
0,0,0,0,0,
0,0,0,0,0,
0,0,0,0,0,
0,0,0,0,0,
0,0,0,0,0,
0,0,0,0,0,
0,0,0,0,0,
0,0,0,0,0,
0,0,0,0,0,
0,0,0,0,0,
0,0,0,0,0,
0,0,0,0,0,
0,0,0,0,0,
0,0,0,0,0,
0,0,0,0,0,
0,0,0,0,0,
0,0,0,0,0,
0,0,0,0,0,
0,0,0,0,0,
0,0,0,0,0,
0,0,0,0,0,
0,0,0,0,0,
0,0,0,0,0,
0,0,0,0,0,
0,0,0,0,0,
0,0,0,0,0,
0,0,0,0,0,
0,0,0,0,0,
0,0,0,0,0,
0,0,0,0,0,
0,0,0,0,0,
0,0,0,0,0,
0,0,0,0,0,
0,0,0,0,0,
0,0,0,0,0,
0,0,0,0,0,
0,0,0,0,0,
0,0,0,0,0,
0,0,0,0,0,
0,0,0,0,0,
0,0,0,0,0,
0,0,0,0,0,
0,0,0,0,0,
0,0,0,0,0,
0,0,0,0,0,
0,0,0,0,0,
0,0,0,0,0,
0,0,0,0,0,
0,0,0,0,0,
0,0,0,0,0,
0,0,0,0,0,
0,0,0,0,0,
0,0,0,0,0,
0,0,0,0,0,
0,0,0,0,0,
0,0,0,0,0,
0,0,0,0,0,
0,0,0,0,0,
0,0,0,0,0,
0,0,0,0,0,
0,0,0,0,0,
0,0,0,0,0,
0,0,0,0,0,
0,0,0,0,0,
0,0,0,0,0,
0,0,0,0,0,
0,0,0,0,0,
0,0,0,0,0,
0,0,0,0,0,
0,0,0,0,0,
0,0,0,0,0,
0,0,0,0,0,
0,0,0,0,0,
0,0,0,0,0,
0,0,0,0,0,
0,0,0,0,0,
0,0,0,0,0,
0,0,0,0,0,
0,0,0,0,0,
0,0,0,0,0,
0,0,0,0,0,
0,0,0,0,0,
0,0,0,0,0,
0,0,0,0,0,
0,0,0,0,0,
0,0,0,0,0,
0,0,0,0,0,
0,0,0,0,0,
0,0,0,0,0,
0,0,0,0,0,
0,0,0,0,0,
0,0,0,0,0,
0,0,0,0,0,
0,0,0,0,0,
0,0,0,0,0,
0,0,0,0,0,
0,0,0,0,0,
0,0,0,0,0,
0,0,0,0,0,
0,0,0,0,0,
0,0,0,0,0,
0,0,0,0,0,
0,0,0,0,0,
0,0,0,0,0,
0,0,0,0,0,
0,0,0,0,0,
0,0,0,0,0,
0,0,0,0,0,
0,0,0,0,0,
0,0,0,0,0,
0,0,0,0,0,
0,0,0,0,0,
0,0,0,0,0,
0,0,0,0,0,
0,0,0,0,0,
0,0,0,0,0,
0,0,0,0,0,
0,0,0,0,0,
0,0,0,0,0,
0,0,0,0,0,
0,0,0,0,0,
0,0,0,0,0,
0,0,0,0,0,
0,0,0,0,0,
0,0,0,0,0,
0,0,0,0,0,
0,0,0,0,0,
0,0,0,0,0,
0,0,0,0,0,
0,0,0,0,0,
0,0,0,0,0,
0,0,0,0,0,
0,0,0,0,0,
0,0,0,0,0,
0,0,0,0,0,
0,0,0,0,0,
0,0,0,0,0,
0,0,0,0,0,
0,0,0,0,0,
0,0,0,0,0,
0,0,0,0,0,
0,0,0,0,0,
0,0,0,0,0,
0,0,0,0,0,
0,0,0,0,0,
0,0,0,0,0,
0,0,0,0,0,
0,0,0,0,0,
0,0,0,0,0,
0,0,0,0,0,
0,0,0,0,0,
0,0,0,0,0,
0,0,0,0,0,
0,0,0,0,0,
0,0,0,0,0,
0,0,0,0,0,
0,0,0,0,0,
0,0,0,0,0,
0,0,0,0,0,
0,0,0,0,0,
0,0,0,0,0,
0,0,0,0,0,
0,0,0,0,0,
0,0,0,0,0,
0,0,0,0,0,
0,0,0,0,0,
0,0,0,0,0,
0,0,0,0,0,
0,0,0,0,0,
0,0,0,0,0,
0,0,0,0,0,
0,0,0,0,0,
0,0,0,0,0,
0,0,0,0,0,
0,0,0,0,0,
0,0,0,0,0,
0,0,0,0,0,
0,0,0,0,0,
0,0,0,0,0,
0,0,0,0,0,
0,0,0,0,0,
0,0,0,0,0,
0,0,0,0,0,
0,0,0,0,0,
0,0,0,0,0,
0,0,0,0,0,
0,0,0,0,0,
0,0,0,0,0,
0,0,0,0,0,
0,0,0,0,0,
0,0,0,0,0,
0,0,0,0,0,
0,0,0,0,0,
0,0,0,0,0,
0,0,0,0,0,
0,0,0,0,0,
0,0,0,0,0,
0,0,0,0,0,
0,0,0,0,0,
0,0,0,0,0,
0,0,0,0,0,
0,0,0,0,0,
0,0,0,0,0,
0,0,0,0,0,
0,0,0,0,0,
0,0,0,0,0,
0,0,0,0,0,
0,0,0,0,0,
0,0,0,0,0,
0,0,0,0,0,
0,0,0,0,0,
0,0,0,0,0,
0,0,0,0,0,
0,0,0,0,0,
0,0,0,0,0,
0,0,0,0,0,
0,0,0,0,0,
0,0,0,0,0,
0,0,0,0,0,
0,0,0,0,0,
0,0,0,0,0,
0,0,0,0,0,
0,0,0,0,0,
0,0,0,0,0,
0,0,0,0,0,
0,0,0,0,0,
0,0,0,0,0,
0,0,0,0,0,
0,0,0,0,0,
0,0,0,0,0,
0,0,0,0,0,
0,0,0,0,0,
0,0,0,0,0,
0,0,0,0,0,
0,0,0,0,0,
0,0,0,0,0,
0,0,0,0,0,
0,0,0,0,0,
0,0,0,0,0,
0,0,0,0,0,
0,0,0,0,0,
0,0,0,0,0,
0,0,0,0,0,
0,0,0,0,0,
0,0,0,0,0,
0,0,0,0,0,
0,0,0,0,0,
0,0,0,0,0,
0,0,0,0,0,
0,0,0,0,0,
0,0,0,0,0,
0,0,0,0,0,
0,0,0,0,0,
0,0,0,0,0,
0,0,0,0,0,
0,0,0,0,0,
0,0,0,0,0,
0,0,0,0,0,
0,0,0,0,0,
0,0,0,0,0,
0,0,0,0,0,
0,0,0,0,0,
0,0,0,0,0,
0,0,0,0,0,
0,0,0,0,0,
0,0,0,0,0,
0,0,0,0,0,
0,0,0,0,0,
0,0,0,0,0,
0,0,0,0,0,
0,0,0,0,0,
0,0,0,0,0,
0,0,0,0,0,
0,0,0,0,0,
0,0,0,0,0,
0,0,0,0,0,
0,0,0,0,0,
0,0,0,0,0,
0,0,0,0,0,
0,0,0,0,0,
0,0,0,0,0,
0,0,0,0,0,
0,0,0,0,0,
0,0,0,0,0,
0,0,0,0,0,
0,0,0,0,0,
0,0,0,0,0,
0,0,0,0,0,
0,0,0,0,0,
0,0,0,0,0,
0,0,0,0,0,
0,0,0,0,0,
0,0,0,0,0,
0,0,0,0,0,
0,0,0,0,0,
0,0,0,0,0,
0,0,0,0,0,
0,0,0,0,0,
0,0,0,0,0,
0,0,0,0,0,
0,0,0,0,0,
0,0,0,0,0,
0,0,0,0,0,
0,0,0,0,0,
0,0,0,0,0,
0,0,0,0,0,
0,0,0,0,0,
0,0,0,0,0,
0,0,0,0,0,
0,0,0,0,0,
0,0,0,0,0,
0,0,0,0,0,
0,0,0,0,0,
0,0,0,0,0,
0,0,0,0,0,
0,0,0,0,0,
0,0,0,0,0,
0,0,0,0,0,
0,0,0,0,0,
0,0,0,0,0,
0,0,0,0,0,
0,0,0,0,0,
0,0,0,0,0,
0,0,0,0,0,
0,0,0,0,0,
0,0,0,0,0,
0,0,0,0,0,
0,0,0,0,0,
0,0,0,0,0,
0,0,0,0,0,
0,0,0,0,0,
0,0,0,0,0,
0,0,0,0,0,
0,0,0,0,0,
0,0,0,0,0,
0,0,0,0,0,
0,0,0,0,0,
0,0,0,0,0,
0,0,0,0,0,
0,0,0,0,0,
0,0,0,0,0,
0,0,0,0,0,
0,0,0,0,0,
0,0,0,0,0,
0,0,0,0,0,
0,0,0,0,0,
0,0,0,0,0,
0,0,0,0,0,
0,0,0,0,0,
0,0,0,0,0,
0,0,0,0,0,
0,0,0,0,0,
0,0,0,0,0,
0,0,0,0,0,
0,0,0,0,0,
0,0,0,0,0,
0,0,0,0,0,
0,0,0,0,0,
0,0,0,0,0,
0,0,0,0,0,
0,0,0,0,0,
0,0,0,0,0,
0,0,0,0,0,
0,0,0,0,0,
0,0,0,0,0,
0,0,0,0,0,
0,0,0,0,0,
0,0,0,0,0,
0,0,0,0,0,
0,0,0,0,0,
0,0,0,0,0,
0,0,0,0,0,
0,0,0,0,0,
0,0,0,0,0,
0,0,0,0,0,
0,0,0,0,0,
0,0,0,0,0,
0,0,0,0,0,
0,0,0,0,0,
0,0,0,0,0,
0,0,0,0,0,
0,0,0,0,0,
0,0,0,0,0,
0,0,0,0,0,
0,0,0,0,0,
0,0,0,0,0,
0,0,0,0,0,
0,0,0,0,0,
0,0,0,0,0,
0,0,0,0,0,
0,0,0,0,0,
0,0,0,0,0,
0,0,0,0,0,
0,0,0,0,0,
0,0,0,0,0,
0,0,0,0,0,
0,0,0,0,0,
0,0,0,0,0,
0,0,0,0,0,
0,0,0,0,0,
0,0,0,0,0,
0,0,0,0,0,
0,0,0,0,0,
0,0,0,0,0,
0,0,0,0,0,
0,0,0,0,0,
0,0,0,0,0,
0,0,0,0,0,
0,0,0,0,0,
0,0,0,0,0,
0,0,0,0,0,
0,0,0,0,0,
0,0,0,0,0,
0,0,0,0,0,
0,0,0,0,0,
0,0,0,0,0,
0,0,0,0,0,
0,0,0,0,0,
0,0,0,0,0,
0,0,0,0,0,
0,0,0,0,0,
0,0,0,0,0,
0,0,0,0,0,
0,0,0,0,0,
0,0,0,0,0,
0,0,0,0,0,
0,0,0,0,0,
0,0,0,0,0,
0,0,0,0,0,
0,0,0,0,0,
0,0,0,0,0,
0,0,0,0,0,
0,0,0,0,0,
0,0,0,0,0,
0,0,0,0,0,
0,0,0,0,0,
0,0,0,0,0,
0,0,0,0,0,
0,0,0,0,0,
0,0,0,0,0,
0,0,0,0,0,
0,0,0,0,0,
0,0,0,0,0,
0,0,0,0,0,
0,0,0,0,0,
0,0,0,0,0,
0,0,0,0,0,
0,0,0,0,0,
0,0,0,0,0,
0,0,0,0,0,
0,0,0,0,0,
0,0,0,0,0,
0,0,0,0,0,
0,0,0,0,0,
0,0,0,0,0,
0,0,0,0,0,
0,0,0,0,0,
0,0,0,0,0,
0,0,0,0,0,
0,0,0,0,0,
0,0,0,0,0,
0,0,0,0,0,
0,0,0,0,0,
0,0,0,0,0,
0,0,0,0,0,
0,0,0,0,0,
0,0,0,0,0,
0,0,0,0,0,
0,0,0,0,0,
0,0,0,0,0,
0,0,0,0,0,
0,0,0,0,0,
0,0,0,0,0,
0,0,0,0,0,
0,0,0,0,0,
0,0,0,0,0,
0,0,0,0,0,
186,186,186,186,186,
14,14,14,0,0,
0,1,1,67,0,
59,59,59,0,65,
0,1,1,67,0,
59,59,59,0,65,
0,1,1,67,0,
1,59,59,0,65,
1,1,0,0,0,
0,0,1,1,811,
61,61,1,1,0,
1,1,1,0,0,
81,1,0,0,0,
0,0,0,0,0,
181,181,181,181,181,
0,0,0,0,0,
2,2,0,0,201,
7,7,0,0,0,
0,0,0,0,0,
61,61,0,0,0,
0,0,201,0,0,
61,61,0,0,0,
7,7,7,0,0,
1,1,1,1,0,
1,1,1,1,1,
1,1,1,1,1,
810,7,7,1,1,
1,1,1,1,1,
1,1,1,81,1,
1,1,1,1,1,
0,0,0,0,0,
181,181,181,181,181,
0,0,0,0,0,
2,2,0,0,0,
6,6,1,1,1,
6,6,1,0,0,
6,6,810,1,1,
6,6,1,0,0,
6,6,1,1,1,
7,7,7,7,7,
0,0,0,0,0,
0,0,0,2,2,
1,1,1,6,6,
0,0,1,6,6,
1,1,811,6,83,
0,0,1,6,6,
1,1,1,6,6,
7,7,7,7,7,
0,0,0,0,0,
181,181,181,181,181,
0,0,0,0,0,
0,2,2,2,0,
1,1,1,1,1,
1,1,1,1,1,
1,1,6,6,6,
1,1,809,1,0,
1,1,6,6,6,
1,1,1,1,1,
1,1,1,1,1,
6,6,6,1,1,
0,809,1,1,1,
6,6,6,1,1,
1,1,1,1,1,
1,1,1,1,1,
0,0,0,0,0,
181,181,181,181,181,
0,0,0,0,0,
0,809,1,2,86,
0,0,0,0,0,
0,0,0,0,0,
0,0,0,0,0,
0,2,2,809,1,
0,0,0,0,0,
0,0,0,0,0,
0,0,0,0,0,
2,2,0,0,0,
1,1,0,0,0,
1,1,1,809,1,
1,1,1,1,1,
1,1,1,1,1,
1,1,1,1,1,
181,181,181,181,181,
0,0,0,0,0,
0,2,2,2,0,
1,1,1,1,0,
1,1,1,0,0,
1,1,0,0,0,
81,0,0,2,2,
1,1,0,1,1,
1,1,1,1,1,
1,1,1,1,1,
1,1,1,1,1,
6,6,6,1,1,
0,809,1,1,1,
6,6,6,1,1,
1,1,1,1,1,
1,1,1,1,1,
0,0,0,0,0,
181,181,181,181,181,
0,0,0,0,0,
0,2,2,2,0,
1,1,1,1,1,
1,1,1,1,1,
1,1,6,6,6,
1,1,809,1,0,
1,1,6,6,6,
1,81,1,1,1,
1,1,1,1,1,
6,6,6,1,1,
0,809,1,1,1,
6,6,6,1,1,
1,1,1,1,1,
1,1,1,1,1,
0,0,0,0,0,
0,0,0,0,0,
0,0,0,0,0,
0,2,2,2,0,
0,0,0,0,0,
181,181,181,181,181,
0,0,0,0,0,
0,2,2,2,0,
0,0,0,0,0,
0,0,0,0,0,
0,0,0,0,0,
2,2,0,2,2,
6,6,0,6,6,
6,6,6,6,6,
1,6,6,6,1,
1,1,6,1,1,
182,182,182,182,182,
149,1,1,1,149,
1,1,1,1,1,
221,0,0,0,221,
0,0,0,0,0,
0,2,2,2,0,
0,0,0,0,0,
0,0,0,0,0,
0,0,0,0,0,
2,2,0,2,2,
0,0,0,0,0,
0,0,0,0,0,
0,0,0,0,0,
0,2,2,2,0,
182,182,182,182,182,
0,1,1,1,1,
0,0,1,1,1,
0,0,0,1,1,
0,0,45,6,6,
0,0,21,6,6,
0,0,0,6,6,
21,21,21,6,83,
0,0,0,6,6,
0,0,45,6,6,
0,0,21,6,6,
0,0,1,1,1,
0,1,1,1,1,
1,1,1,1,1,
1,1,1,1,1,
1,1,1,1,1,
182,182,182,182,182,
6,6,45,0,0,
6,6,21,0,0,
6,6,0,0,0,
6,6,21,21,21,
6,6,0,0,0,
6,6,45,0,0,
6,6,21,0,0,
1,1,1,0,0,
1,1,1,1,0,
1,1,1,1,1,
1,1,1,1,1,
1,1,1,1,1,
0,0,0,0,0,
181,181,181,181,181,
0,0,0,0,0,
0,0,0,2,2,
0,0,1,1,1,
0,1,1,1,1,
107,7,7,1,1,
1,1,1,1,81,
1,1,1,1,1,
1,1,1,1,1,
1,1,1,1,1,
1,1,1,1,1,
1,1,1,1,1,
1,1,1,1,1,
1,1,1,1,1,
1,1,7,7,108,
1,1,1,1,0,
1,1,1,0,0,
1,1,0,0,0,
1,1,9,0,0,
1,1,21,9,0,
1,1,1,21,9,
1,1,1,1,21,
1,1,1,1,1,
1,1,1,1,1,
181,181,181,181,181,
0,0,0,0,0,
0,0,0,0,0,
0,0,2,0,0,
0,0,6,0,0,
102,1,6,1,101,
0,0,6,0,0,
0,0,6,0,0,
0,9,1,9,0,
21,21,1,21,21,
1,1,1,1,1,
1,1,1,1,1,
1,1,1,1,1,
0,0,0,0,0,
181,181,181,181,181,
0,0,0,0,0,
0,0,2,2,2,
1,1,1,1,1,
1,1,1,1,1,
21,21,21,1,1,
0,0,0,1,10,
0,0,0,1,1,
1,1,1,1,81,
1,1,1,1,1,
1,1,1,1,1,
1,1,1,1,1,
1,1,1,1,1,
1,1,21,21,21,
10,1,0,0,0,
1,1,0,0,0,
1,1,1,1,1,
182,182,182,182,182,
1,1,1,1,1,
1,1,1,1,1,
1,1,1,1,1,
21,21,21,1,1,
0,0,0,1,10,
0,0,0,1,1,
1,1,1,1,1,
1,1,1,1,1,
1,1,1,1,1,
1,1,1,1,1,
1,1,1,1,1,
1,1,21,21,21,
10,1,0,0,0,
1,1,0,0,0,
81,1,1,1,1,
1,1,1,1,1,
1,1,1,1,1,
182,182,182,182,182,
1,1,1,1,1,
0,1,1,1,0,
0,0,0,0,0,
0,0,0,0,0,
0,0,0,0,0,
2,2,0,2,2,
1,1,21,1,1,
1,1,1,1,1,
1,1,1,1,1,
9,1,1,1,9,
21,1,1,1,21,
0,1,1,1,0,
0,1,1,1,0,
0,0,0,0,0,
0,21,61,21,0,
7,7,7,7,7,
0,1,1,1,0,
181,181,181,181,181,
0,0,0,0,0,
0,0,0,0,0,
0,0,0,2,2,
0,104,7,7,7,
0,0,1,1,1,
0,0,1,1,1,
104,7,7,7,7,
0,1,1,1,0,
0,1,1,1,0,
0,0,0,0,0,
0,0,0,0,0,
181,181,181,181,181,
0,2,2,2,2,
0,1,1,1,1,
0,101,1,1,1,
0,1,1,1,1,
0,7,7,7,7,
0,7,7,7,7,
1,1,1,1,0,
1,81,1,102,0,
1,1,1,1,0,
7,7,7,7,0,
7,7,7,7,0,
0,1,1,1,1,
0,101,1,1,1,
0,1,1,1,1,
0,1,1,1,1,
0,7,7,7,7,
0,7,7,7,7,
181,181,181,181,181,
0,0,0,0,0,
0,0,0,0,0,
2,2,0,2,2,
0,0,0,0,0,
0,0,0,0,0,
0,0,0,0,0,
0,2,86,2,0,
0,0,0,0,0,
0,0,0,0,0,
0,0,0,0,0,
2,2,0,2,2,
0,0,0,0,0,
181,181,181,181,181,
0,0,0,0,0,
0,2,2,2,0,
21,1,1,1,1,
0,21,1,1,1,
0,0,21,1,1,
0,0,0,1,1,
0,0,0,1,1,
0,0,21,1,1,
0,21,1,1,1,
21,1,1,1,1,
0,0,0,0,0,
0,0,0,0,0,
0,0,0,0,0,
0,0,2,2,2,
0,1,1,1,1,
182,182,182,182,182,
1,1,1,1,0,
1,1,1,0,0,
1,1,1,102,1,
1,1,1,0,0,
1,1,1,1,0,
9,1,1,1,9,
21,1,1,1,21,
0,1,1,1,0,
0,1,1,1,0,
0,1,1,1,0,
1,1,1,1,1,
1,1,1,1,1,
1,1,149,1,1,
1,1,8,1,1,
1,1,8,1,1,
1,1,8,1,1,
1,1,8,1,1,
81,1,0,1,1,
1,1,0,1,1,
1,1,0,1,1,
181,181,181,181,181,
0,0,0,0,0,
0,0,0,0,0,
2,2,2,0,0,
1,1,1,1,0,
1,1,1,1,1,
0,1,1,1,1,
0,0,1,1,1,
1,101,1,81,1,
0,0,1,1,1,
0,1,1,1,1,
1,1,1,1,1,
1,1,1,1,1,
1,1,1,1,0,
1,1,1,0,0,
81,1,1,102,1,
1,1,1,0,0,
1,1,1,1,0,
1,1,1,1,1,
182,182,182,182,182,
3,1,1,1,10,
3,3,1,1,1,
3,1,1,1,1,
1,1,1,1,1,
1,1,1,1,3,
1,1,1,3,3,
1,1,1,1,3,
0,1,1,1,0,
0,1,1,1,0,
1,1,1,1,1,
1,1,1,1,1,
1,1,1,1,1,
0,1,1,1,0,
0,1,1,1,0,
1,1,1,1,1,
1,1,1,1,1,
1,1,1,1,1,
181,181,181,181,181,
0,0,0,0,0,
0,0,0,0,0,
0,2,2,2,0,
149,1,1,1,149,
3,1,81,1,3,
3,1,1,1,3,
221,1,1,1,221,
0,0,0,0,0,
0,0,61,0,0,
0,0,0,0,0,
0,0,61,0,0,
0,0,0,0,0,
0,6,61,6,0,
0,7,7,7,0,
181,181,181,181,181,
0,0,0,0,0,
0,0,0,0,0,
2,2,0,2,2,
0,0,0,0,0,
0,0,0,0,0,
0,0,0,0,0,
0,2,2,2,0,
0,0,0,0,0,
0,0,0,0,0,
0,0,0,0,0,
2,2,0,86,2,
1,1,1,1,1,
1,1,1,1,1,
182,182,182,182,182,
1,1,1,1,1,
0,80,80,80,0,
0,1,1,1,0,
0,1,1,1,0,
0,2,2,2,0,
0,80,80,80,0,
0,1,1,1,0,
0,1,1,1,0,
0,2,2,2,0,
0,80,80,80,0,
0,1,1,1,0,
0,1,1,1,0,
0,2,2,2,0,
0,0,0,0,0,
0,61,61,61,0,
0,7,7,7,0,
1,1,1,1,1,
0,0,0,0,0,
181,181,181,181,181,
0,0,0,0,0,
2,2,2,0,0,
1,1,1,1,0,
1,1,81,1,1,
1,1,1,1,1,
2,2,2,6,6,
0,0,0,6,6,
0,0,0,0,0,
0,0,0,61,61,
2,2,2,6,6,
1,1,1,1,1,
1,1,1,1,1,
81,1,1,1,149,
1,1,1,149,0,
1,1,1,0,0,
0,0,0,0,0,
0,0,0,0,0,
2,2,2,0,0,
0,0,0,0,0,
0,0,0,0,0,
0,0,0,0,0,
0,2,2,0,0,
0,0,0,0,0,
181,181,181,181,181,
0,0,0,0,0,
0,2,2,2,0,
0,7,7,7,0,
0,0,0,0,0,
0,0,61,0,0,
0,0,0,0,0,
0,0,61,0,0,
0,0,0,0,0,
0,0,61,0,0,
0,0,0,0,0,
0,0,61,0,0,
0,7,7,7,0,
1,1,1,1,1,
808,1,1,1,808,
0,1,1,1,0,
0,1,1,1,0,
0,1,1,1,0,
7,7,7,7,7,
182,182,182,182,182,
1,1,1,1,1,
1,1,1,1,1,
1,1,808,1,1,
1,1,1,1,81,
1,1,1,1,1,
1,1,1,1,1,
7,7,7,7,7,
0,1,1,1,0,
1,1,1,1,1,
0,1,1,1,0,
1,1,1,1,1,
0,1,1,1,0,
1,1,1,1,1,
0,1,1,1,0,
1,1,1,1,1,
0,1,1,1,0,
0,1,1,1,0

