[header]
width=5
height=1800
tilewidth=40
tileheight=40
orientation=orthogonal

[tilesets]
tileset=../../../../UnityProjects/Tiled/tileMap1600.png,40,40,0,0

[layer]
type=块层 1
data=
0,0,0,0,0,
0,0,0,0,0,
0,0,0,0,0,
0,0,0,0,0,
0,0,0,0,0,
0,0,0,0,0,
0,0,0,0,0,
0,0,0,0,0,
0,0,0,0,0,
0,0,0,0,0,
0,0,0,0,0,
0,0,0,0,0,
0,0,0,0,0,
0,0,0,0,0,
0,0,0,0,0,
0,0,0,0,0,
0,0,0,0,0,
0,0,0,0,0,
0,0,0,0,0,
0,0,0,0,0,
0,0,0,0,0,
0,0,0,0,0,
0,0,0,0,0,
0,0,0,0,0,
0,0,0,0,0,
0,0,0,0,0,
0,0,0,0,0,
0,0,0,0,0,
0,0,0,0,0,
0,0,0,0,0,
0,0,0,0,0,
0,0,0,0,0,
0,0,0,0,0,
0,0,0,0,0,
0,0,0,0,0,
0,0,0,0,0,
0,0,0,0,0,
0,0,0,0,0,
0,0,0,0,0,
0,0,0,0,0,
0,0,0,0,0,
0,0,0,0,0,
0,0,0,0,0,
0,0,0,0,0,
0,0,0,0,0,
0,0,0,0,0,
0,0,0,0,0,
0,0,0,0,0,
0,0,0,0,0,
0,0,0,0,0,
0,0,0,0,0,
0,0,0,0,0,
0,0,0,0,0,
0,0,0,0,0,
0,0,0,0,0,
0,0,0,0,0,
0,0,0,0,0,
0,0,0,0,0,
0,0,0,0,0,
0,0,0,0,0,
0,0,0,0,0,
0,0,0,0,0,
0,0,0,0,0,
0,0,0,0,0,
0,0,0,0,0,
0,0,0,0,0,
0,0,0,0,0,
0,0,0,0,0,
0,0,0,0,0,
0,0,0,0,0,
0,0,0,0,0,
0,0,0,0,0,
0,0,0,0,0,
0,0,0,0,0,
0,0,0,0,0,
0,0,0,0,0,
186,186,186,186,186,
746,1,1,1,747,
8,1,748,1,8,
8,1,1,1,8,
8,1,1,1,8,
8,1,1,1,8,
8,1,1,1,8,
746,1,755,1,747,
8,1,1,1,8,
8,1,1,1,8,
8,1,1,1,8,
8,1,1,1,8,
746,1,754,1,747,
1,1,1,1,1,
1,1,1,1,1,
1,8,1,8,1,
1,8,1,8,1,
161,746,1,747,161,
1,1,1,1,1,
1,1,1,1,1,
1,1,754,1,1,
1,1,8,1,1,
161,1,8,1,161,
1,1,8,1,1,
1,1,754,1,1,
8,1,1,1,8,
8,1,1,1,8,
8,1,1,1,8,
8,746,1,747,8,
8,1,1,1,8,
8,1,1,1,8,
746,1,755,1,747,
0,1,1,1,0,
0,1,1,1,0,
0,0,1,0,0,
0,0,0,0,0,
0,2,754,2,222,
161,6,0,6,161,
0,27,0,27,0,
0,0,0,0,0,
0,61,222,61,0,
6,6,0,6,6,
27,27,0,27,27,
0,0,0,0,0,
61,0,222,0,61,
181,181,181,181,181,
0,0,0,0,0,
0,2,0,2,0,
0,0,738,0,222,
0,2,0,2,0,
0,0,0,0,0,
0,0,0,0,0,
0,2,757,2,222,
0,0,0,0,0,
754,1,758,1,754,
0,0,0,0,0,
0,757,2,757,222,
0,0,0,0,0,
181,181,181,181,181,
0,0,0,0,0,
0,2,757,2,222,
0,0,0,0,0,
754,1,758,1,754,
0,0,0,0,0,
0,757,2,757,222,
0,0,0,0,0,
0,0,0,0,0,
0,0,0,0,0,
0,2,757,2,222,
0,0,0,0,0,
754,1,758,1,754,
0,0,0,0,0,
0,0,2,0,222,
0,0,0,0,0,
0,0,0,0,0,
181,181,181,181,181,
0,2,0,2,222,
161,0,0,0,161,
0,1,758,1,0,
161,0,0,0,161,
0,0,2,0,222,
161,0,0,0,161,
0,1,758,1,0,
161,0,0,0,161,
0,2,0,2,0,
0,0,0,0,0,
0,0,0,0,0,
0,0,0,0,0,
0,0,2,0,222,
181,181,181,181,181,
0,0,0,0,0,
0,0,0,0,0,
222,2,0,2,222,
1,1,1,1,1,
1,1,758,1,1,
1,1,1,1,1,
754,1,1,1,754,
1,1,1,1,1,
1,1,758,1,1,
1,1,1,1,1,
754,1,1,1,754,
1,1,0,1,1,
1,0,0,0,1,
181,181,181,181,181,
0,0,2,0,0,
0,0,0,0,0,
0,0,0,0,0,
1,0,1,0,1,
754,2,754,2,754,
1,0,1,0,1,
0,0,0,0,0,
0,0,0,0,0,
0,161,2,161,0,
0,0,0,0,0,
0,0,0,0,0,
1,0,1,0,1,
754,2,754,2,754,
1,0,1,0,1,
181,181,181,181,181,
0,0,0,0,0,
0,0,2,0,0,
0,0,0,0,0,
0,0,0,0,0,
0,1,0,1,0,
0,220,0,219,0,
0,1,0,1,0,
0,0,0,0,0,
0,0,0,0,0,
0,161,2,161,222,
1,1,1,1,1,
756,1,1,1,756,
1,1,1,1,1,
1,756,1,756,1,
181,182,182,182,181,
0,1,1,1,0,
1,1,756,1,1,
1,1,0,1,1,
1,0,0,0,1,
0,0,0,0,0,
1,0,0,0,1,
756,0,2,0,756,
1,0,0,0,1,
0,0,0,0,0,
0,0,0,0,0,
0,220,0,219,222,
0,0,0,0,0,
181,181,181,181,181,
1,1,1,1,1,
758,1,2,1,758,
1,1,1,1,1,
1,1,1,1,1,
1,1,1,1,1,
1,1,758,1,1,
1,1,1,1,1,
1,1,1,1,1,
1,161,1,161,1,
1,1,1,1,1,
1,754,0,754,1,
0,0,0,0,0,
0,1,0,1,0,
0,220,0,219,222,
181,1,181,1,181,
0,6,0,6,0,
0,0,0,0,0,
0,0,2,0,222,
0,0,0,0,0,
0,0,262,0,0,
0,0,0,0,0,
2,757,757,757,2,
1,1,1,1,1,
1,0,2,0,1,
0,0,0,0,0,
0,0,61,0,0,
2,6,6,6,2,
1,1,1,1,1,
1,1,1,1,1,
165,1,165,1,165,
1,0,1,0,1,
181,181,181,181,181,
0,0,0,0,0,
2,2,2,2,2,
1,1,1,1,1,
1,755,1,755,1,
1,1,1,1,1,
0,1,1,1,0,
0,746,1,747,0,
0,0,0,0,0,
0,0,0,0,0,
0,2,2,2,222,
0,1,755,1,0,
0,1,1,1,0,
0,1,1,1,0,
0,746,1,747,222,
0,1,1,1,0,
0,161,1,161,0,
0,0,1,0,0,
181,181,2,181,181,
0,0,0,0,0,
28,0,28,0,28,
0,0,0,0,0,
220,0,757,0,219,
0,0,0,0,0,
27,0,27,0,27,
0,0,0,0,0,
0,746,2,747,0,
0,0,0,0,0,
28,0,28,0,28,
0,0,0,0,0,
220,0,757,0,219,
0,0,0,0,0,
27,0,27,0,27,
0,0,0,0,0,
0,0,2,0,222,
181,181,181,181,181,
0,0,0,0,0,
0,0,0,0,0,
0,220,0,219,222,
0,0,0,0,0,
28,0,28,0,28,
0,0,0,0,0,
0,746,2,747,222,
0,0,0,0,0,
27,0,27,0,27,
0,0,0,0,0,
2,757,0,757,2,
1,1,758,1,1,
1,1,0,1,1,
754,1,0,1,754,
0,1,1,1,0,
0,0,1,0,0,
754,1,1,1,754,
1,1,0,1,1,
1,1,0,1,1,
1,1,758,1,1,
1,1,0,1,1,
1,1,0,1,1,
1,757,0,757,1,
0,0,0,0,0,
181,181,181,181,181,
0,0,0,0,0,
0,220,0,219,0,
0,0,0,0,0,
754,1,758,1,754,
0,0,0,0,0,
0,0,2,0,0,
0,0,0,0,0,
754,1,758,1,754,
0,0,0,0,0,
0,220,0,219,0,
0,0,0,0,0,
0,0,0,0,0,
0,2,0,2,0,
0,0,738,0,0,
0,2,0,2,0,
181,181,181,181,181,
0,0,0,0,0,
0,220,0,219,0,
0,0,0,0,0,
754,1,758,1,754,
0,0,0,0,0,
0,0,2,0,0,
0,0,0,0,0,
754,1,758,1,754,
0,0,0,0,0,
0,220,0,219,0,
0,0,0,0,0,
0,0,0,0,0,
181,181,181,181,181,
0,0,2,0,0,
0,0,0,0,0,
754,1,758,1,754,
0,0,0,0,0,
0,220,0,219,0,
0,0,0,0,0,
754,1,758,1,754,
0,0,0,0,0,
0,0,2,0,0,
0,0,0,0,0,
0,0,0,0,0,
0,0,0,0,0,
161,2,0,2,161,
0,27,27,27,0,
181,182,182,182,181,
0,1,1,1,0,
746,754,1,754,747,
1,1,1,1,1,
0,1,1,1,0,
1,1,1,1,1,
746,1,754,1,747,
0,27,27,27,0,
0,1,0,1,0,
0,28,28,28,0,
0,0,1,0,222,
0,0,0,0,0,
0,0,0,0,0,
0,1,0,1,0,
0,220,0,219,222,
0,1,0,1,0,
0,0,0,0,0,
181,2,181,2,181,
0,0,738,0,222,
0,2,0,2,0,
0,0,0,0,0,
0,1,0,1,0,
0,220,0,219,222,
0,1,0,1,0,
0,0,0,0,0,
0,0,0,0,0,
2,165,0,165,2,
1,1,1,1,1,
161,1,1,1,161,
221,1,1,1,221,
0,1,2,1,222,
0,161,1,161,0,
181,181,1,181,181,
0,0,27,0,0,
0,0,28,0,222,
0,0,27,0,0,
0,0,28,0,0,
0,0,27,0,0,
0,0,28,222,0,
0,0,27,0,0,
0,0,28,0,0,
0,0,27,0,0,
0,0,6,0,222,
0,161,1,161,0,
6,1,1,1,6,
756,1,1,1,756,
6,1,1,1,6,
0,6,756,6,0,
0,0,0,0,0,
181,181,181,181,181,
0,0,2,0,0,
0,0,0,0,0,
0,0,0,0,0,
0,0,757,0,0,
220,0,757,0,219,
0,0,757,0,0,
0,0,0,0,0,
0,1,0,1,0,
0,220,0,219,0,
0,1,0,1,0,
0,0,0,0,0,
0,0,0,0,0,
0,0,2,0,0,
181,181,181,181,181,
0,0,0,0,0,
0,1,0,1,0,
0,220,0,219,0,
0,1,0,1,0,
0,0,0,0,0,
0,1,0,1,0,
0,0,738,0,0,
0,1,0,1,0,
0,0,0,0,0,
0,1,0,1,0,
0,220,0,219,0,
0,1,0,1,0,
0,0,0,0,0,
181,181,181,181,181,
161,0,2,0,161,
1,0,1,0,1,
1,1,1,1,1,
756,1,1,1,756,
0,1,0,1,0,
0,27,0,27,0,
0,27,0,27,0,
0,27,0,27,0,
0,27,222,27,0,
0,27,0,27,0,
0,27,0,27,0,
0,1,0,1,0,
1,1,1,1,1,
756,1,1,1,756,
1,1,756,1,1,
181,181,181,181,181,
0,2,0,2,0,
0,0,0,0,0,
0,0,0,0,0,
0,0,0,0,0,
2,0,2,0,2,
1,756,1,756,1,
0,0,0,0,0,
0,0,0,0,0,
0,0,2,0,0,
0,0,0,0,0,
0,0,0,0,0,
0,0,757,0,0,
220,0,0,0,219,
0,0,757,0,0,
0,0,0,0,0,
0,0,0,0,0,
0,0,2,0,0,
0,0,0,0,0,
0,0,0,0,0,
0,0,0,0,0,
0,220,0,219,0,
0,0,0,0,0,
0,0,0,0,0,
0,0,757,0,0,
2,0,0,0,2,
0,0,757,0,0,
0,0,0,0,0,
181,181,181,181,181,
0,0,0,0,0,
0,757,0,757,0,
0,0,0,0,0,
0,0,0,0,0,
161,0,255,0,161,
0,0,0,0,0,
0,0,0,0,0,
0,0,0,0,0,
0,220,0,219,222,
0,0,0,0,0,
0,0,0,0,0,
0,0,757,0,0,
2,0,0,0,2,
0,0,757,0,0,
0,0,0,0,0,
0,0,0,0,0,
0,220,0,219,0,
181,181,181,181,181,
0,0,757,0,0,
0,0,0,0,0,
0,0,0,0,0,
0,757,0,757,0,
0,0,0,0,0,
0,0,0,0,0,
0,255,0,255,0,
0,0,0,0,0,
0,0,0,0,0,
0,0,757,0,0,
220,0,0,0,219,
0,0,757,0,0,
0,0,0,0,0,
0,0,0,0,0,
0,220,0,219,0,
0,0,0,0,0,
181,181,181,181,181,
0,0,0,0,0,
0,0,2,0,0,
0,0,1,0,0,
0,0,754,0,0,
0,0,1,0,0,
0,2,0,2,0,
1,0,1,0,1,
754,0,754,0,754,
1,0,1,0,1,
0,0,2,0,0,
0,0,0,0,0,
0,0,754,0,0,
0,0,0,0,0,
0,220,0,219,0,
181,181,181,181,181,
0,0,0,0,0,
0,1,0,1,0,
0,0,2,0,0,
0,1,0,1,0,
0,0,0,0,0,
0,0,754,0,0,
220,0,0,0,219,
0,0,754,0,0,
0,0,0,0,0,
0,1,0,1,0,
0,0,2,0,0,
0,1,0,1,0,
181,181,181,181,181,
0,0,0,0,0,
0,255,0,255,0,
0,0,757,0,0,
0,0,0,0,0,
0,1,0,1,0,
0,0,738,0,0,
0,1,0,1,0,
0,0,0,0,0,
0,0,0,0,0,
0,2,0,2,0,
0,0,0,0,0,
757,0,0,0,757,
0,1,0,1,0,
181,181,2,181,181,
0,1,0,1,0,
0,0,0,0,0,
0,0,0,0,0,
0,757,2,757,0,
0,0,0,0,0,
0,0,0,0,0,
0,0,0,0,0,
2,0,0,0,2,
6,0,0,0,6,
6,6,754,6,6,
6,0,0,0,6,
0,0,0,0,0,
0,0,265,0,0,
0,0,0,0,0,
0,6,6,6,0,
181,181,181,181,181,
0,0,0,0,0,
0,0,0,0,0,
754,6,754,6,754,
0,0,0,0,0,
0,255,0,255,0,
0,0,0,0,0,
0,0,0,0,0,
0,0,6,0,0,
0,0,0,0,0,
0,0,0,0,0,
0,0,0,0,0,
0,301,0,301,222,
757,0,255,0,757,
181,181,181,181,181,
0,0,757,0,0,
0,2,0,2,0,
0,0,0,0,0,
757,0,0,0,757,
0,0,0,0,0,
0,1,2,2,0,
255,1,0,0,0,
0,0,61,61,0,
0,0,0,0,0,
0,0,61,61,0,
757,757,0,0,0,
0,0,0,0,0,
0,0,0,0,0,
2,181,181,181,181,
1,0,0,0,0,
1,756,0,0,0,
1,1,756,0,0,
1,1,1,756,222,
0,1,1,1,756,
0,0,1,1,1,
0,0,0,1,1,
181,181,181,182,182,
0,0,0,0,0,
0,0,0,0,0,
0,0,757,757,0,
220,0,0,0,222,
0,0,0,0,0,
0,0,0,0,0,
0,0,0,0,0,
757,757,0,219,222,
0,0,0,0,0,
0,0,0,0,0,
0,0,0,0,0,
0,2,0,0,222,
0,1,756,0,0,
0,1,1,756,0,
0,1,1,1,756,
0,0,1,1,1,
181,181,181,182,182,
0,0,0,1,1,
0,0,756,1,1,
0,756,1,1,1,
756,1,1,1,0,
1,1,1,0,0,
1,1,0,0,0,
1,0,0,0,222,
0,0,0,0,0,
0,0,0,0,0,
0,0,0,0,0,
165,0,165,0,165,
0,0,0,0,0,
0,0,0,0,0,
221,0,0,0,221,
0,255,255,255,222,
0,0,0,0,0,
0,0,0,0,0,
181,181,1,181,181,
0,2,0,2,0,
0,0,0,0,0,
27,0,27,0,27,
0,0,0,0,0,
220,0,754,0,219,
0,0,0,0,0,
27,0,27,0,27,
0,0,0,0,0,
0,0,2,0,0,
0,0,0,0,0,
27,0,27,0,27,
0,0,0,0,0,
0,220,0,219,0,
181,181,181,181,181,
0,0,0,0,0,
0,0,0,0,0,
0,0,2,0,0,
0,0,0,0,0,
28,0,28,0,28,
0,0,0,0,0,
220,0,754,0,219,
0,0,0,0,0,
27,0,27,0,27,
0,0,0,0,0,
0,0,2,0,0,
0,0,0,0,0,
0,0,0,0,0,
181,181,181,181,181,
0,220,0,219,0,
0,0,0,0,0,
27,0,27,0,27,
0,0,0,0,0,
0,0,2,0,0,
0,0,0,0,0,
28,0,28,0,28,
0,0,0,0,0,
0,220,0,219,0,
0,0,0,0,0,
27,0,27,0,27,
0,0,0,0,0,
0,0,2,0,0,
181,181,181,181,181,
0,0,0,0,0,
0,0,0,0,0,
0,220,0,219,0,
0,0,0,0,0,
28,0,28,0,28,
0,0,0,0,0,
220,0,754,0,219,
0,0,0,0,0,
27,0,27,0,27,
0,0,0,0,0,
0,220,0,219,0,
0,0,0,0,0,
0,0,0,0,0,
0,2,0,2,0,
0,0,738,0,0,
181,2,181,2,181,
0,0,0,0,0,
0,0,0,0,0,
0,220,0,219,0,
0,0,0,0,0,
28,0,28,0,28,
0,0,0,0,0,
220,0,754,0,219,
0,0,0,0,0,
27,0,27,0,27,
0,0,0,0,0,
0,220,0,219,0,
0,0,0,0,0,
181,181,181,181,181,
0,0,0,0,0,
220,0,754,0,2,
0,0,0,0,0,
28,0,28,0,28,
0,0,0,0,0,
0,220,0,219,0,
0,0,0,0,0,
27,0,27,0,27,
0,0,0,0,0,
0,0,2,0,0,
0,0,0,0,0,
28,0,28,0,28,
0,0,0,0,0,
0,220,0,219,0,
181,181,181,181,181,
0,0,0,0,0,
0,0,0,0,0,
220,0,754,0,219,
0,0,0,0,0,
27,0,27,0,27,
0,0,0,0,0,
0,220,0,219,0,
0,0,0,0,0,
27,0,27,0,27,
181,181,181,181,181,
2,2,0,0,0,
28,28,0,0,0,
0,27,27,0,0,
0,0,28,28,0,
0,0,0,27,27,
0,0,0,0,0,
757,757,757,0,0,
0,0,0,0,0,
0,0,0,2,2,
0,0,0,28,28,
0,0,27,27,0,
0,28,28,0,0,
27,27,0,0,0,
28,28,0,0,0,
182,182,181,181,181,
0,0,757,757,757,
0,0,0,0,0,
0,0,0,0,0,
2,161,2,161,2,
1,1,1,1,1,
1,1,1,1,1,
0,754,1,754,0,
0,0,1,0,0,
0,0,27,0,0,
0,0,28,0,0,
0,0,27,0,0,
0,0,28,0,0,
0,0,1,0,0,
0,754,1,754,0,
182,182,182,182,182,
1,1,1,1,1,
0,1,117,1,0,
0,1,117,1,0,
0,1,117,1,0,
0,1,754,1,0,
161,1,1,1,161,
1,1,1,1,1,
0,117,1,117,0,
0,117,1,117,0,
0,117,1,117,0,
161,1,1,1,161,
182,182,182,182,182,
0,1,117,1,0,
0,1,117,1,0,
0,1,754,1,0,
0,1,1,1,0,
1,1,1,1,1,
2,754,2,754,2,
0,0,0,0,0,
0,0,0,0,0,
0,0,0,0,0,
0,0,2,0,0,
754,0,0,0,754,
0,0,0,0,0,
181,181,181,181,181,
0,2,2,2,0,
1,1,1,1,1,
1,1,758,1,1,
1,1,1,1,1,
1,1,1,1,1,
1,1,754,1,1,
1,1,1,1,1,
1,1,1,1,1,
1,754,1,754,1,
0,1,1,1,0,
0,1,1,1,0,
0,1,672,1,0,
0,1,1,1,0,
182,182,182,182,182,
1,1,0,1,1,
2,0,0,0,2,
0,0,0,0,0,
0,757,757,757,0,
0,0,0,0,0,
2,0,0,0,2,
1,0,0,0,1,
1,0,0,0,1,
0,0,0,0,0,
0,0,2,0,0,
0,0,263,0,0,
0,2,0,2,0,
0,0,0,0,0,
181,181,181,181,181,
0,0,2,0,0,
0,0,0,0,0,
0,0,0,0,0,
0,0,0,0,0,
0,757,757,0,0,
0,0,0,0,255,
0,0,0,0,0,
0,0,0,0,0,
6,255,0,0,0,
0,0,0,757,2,
61,757,0,1,6,
0,0,0,1,1,
757,61,0,1,757,
0,0,0,1,1,
61,6,754,1,1,
0,6,1,6,1,
0,1,1,1,1,
0,1,0,1,0,
2,2,754,2,2,
0,0,0,0,0,
181,181,181,181,181,
0,1,0,1,0,
0,220,0,219,0,
0,1,0,1,0,
0,0,0,0,0,
0,1,0,1,0,
0,0,738,0,0,
0,1,0,1,0,
0,0,757,0,0,
0,1,0,1,0,
0,220,0,219,0,
0,1,0,1,0,
0,0,0,0,0,
0,1,0,1,0,
0,0,738,0,0,
0,1,0,1,0,
181,181,181,181,181,
0,1,0,1,0,
0,220,0,219,0,
0,1,0,1,0,
0,0,0,0,0,
0,1,0,1,0,
0,0,738,0,0,
0,1,0,1,0,
0,0,0,0,0,
0,0,0,0,0,
0,2,0,2,0,
757,0,757,0,757,
181,181,181,181,181,
0,1,0,1,0,
0,220,0,219,0,
0,1,0,1,0,
0,0,0,0,0,
0,1,0,1,0,
2,1,0,1,2,
0,1,757,1,0,
0,0,0,0,0,
0,1,0,1,0,
0,0,738,0,0,
0,1,0,1,0,
181,181,181,181,181,
0,0,0,0,0,
2,1,1,1,2,
0,1,754,1,0,
0,0,0,0,0,
0,0,0,0,0,
0,220,0,219,0,
0,0,0,0,0,
0,0,0,0,0,
0,0,0,0,0,
165,2,165,2,165,
0,1,0,1,0,
181,181,181,181,181,
0,0,0,0,0,
221,2,221,2,221,
0,0,0,0,0,
0,0,1,0,0,
0,1,1,1,0,
1,754,1,754,1,
0,1,1,1,0,
0,0,1,0,0,
0,0,0,0,0,
0,255,754,255,0,
746,1,1,1,747,
1,1,1,1,1,
1,1,1,1,1,
746,1,672,1,747,
181,182,182,182,181,
0,1,757,1,0,
0,1,1,1,0,
0,2,0,2,0,
0,0,0,0,0,
0,0,0,0,0,
0,0,0,0,0,
0,746,2,747,0,
0,0,0,0,0,
0,0,0,0,0,
181,181,181,181,181,
0,2,0,2,0,
746,1,757,1,747,
0,27,0,27,0,
0,28,0,28,0,
0,27,0,27,0,
0,28,0,28,0,
0,27,0,27,0,
0,28,0,28,0,
0,27,0,27,0,
0,1,0,1,0,
0,1,1,1,0,
161,1,1,1,161,
0,1,1,1,0,
0,754,1,754,0,
0,1,1,1,0,
0,547,1,546,0,
0,1,1,1,0,
161,1,754,1,161,
1,1,1,1,1,
181,182,182,182,181,
0,1,1,1,0,
0,754,1,754,0,
1,1,1,1,1,
161,1,1,1,161,
0,1,1,1,0,
0,1,754,1,0,
0,1,1,1,0,
0,547,1,546,0,
0,1,1,1,0,
161,754,1,754,161,
0,1,1,1,0,
0,1,1,1,0,
0,547,0,546,0,
0,547,0,546,0,
181,182,181,182,181,
0,1,1,1,0,
161,2,2,2,161,
0,0,39,67,0,
0,68,0,0,0,
0,0,39,67,0,
0,68,0,0,0,
0,0,39,67,0,
746,0,6,0,747,
65,0,2,0,65,
0,0,0,0,0,
746,1,61,1,747,
183,183,183,183,183,
1,1,1,1,1,
161,1,756,1,161,
0,1,1,1,0,
0,1,1,1,0,
0,1,1,1,0,
161,756,1,756,161,
0,1,1,1,0,
0,1,1,1,0,
0,1,1,1,0,
161,1,756,1,161,
0,1,1,1,0,
181,1,1,1,181,
0,0,1,0,0,
0,0,0,67,0,
0,68,59,0,0,
0,0,0,67,0,
0,68,59,0,0,
0,0,0,67,0,
746,0,6,0,747,
65,1,6,1,65,
0,0,0,0,0,
1,61,1,61,1,
1,6,754,6,1,
181,182,182,182,181,
0,1,1,1,0,
0,754,1,546,0,
0,1,1,1,0,
0,1,1,1,0,
0,547,754,546,0,
0,1,1,1,0,
0,1,1,1,0,
0,754,1,546,0,
181,182,182,182,181,
0,1,1,1,0,
0,547,754,546,0,
0,1,281,1,0,
0,1,281,1,0,
0,746,281,0,0,
0,281,281,0,0,
0,281,281,0,0,
0,281,747,0,0,
0,281,281,0,0,
0,281,281,0,0,
0,746,281,0,0,
0,0,281,281,0,
0,0,281,281,0,
0,0,746,281,0,
0,0,281,281,0,
0,0,281,281,0,
0,0,281,0,0,
181,181,181,181,181,
0,0,0,0,0,
0,0,0,0,0,
0,165,2,165,0,
0,1,1,1,0,
0,27,27,27,0,
221,1,1,1,221,
161,1,1,1,161,
0,1,1,1,0,
0,27,163,27,0,
0,1,1,1,0,
0,1,1,1,0,
0,1,1,1,0,
0,163,27,163,0,
0,1,1,1,0,
0,1,1,1,0,
182,182,182,182,182,
161,0,0,0,161,
0,1,0,1,0,
0,0,738,0,0,
0,1,0,1,0,
161,0,0,0,161,
0,0,0,0,0,
0,220,0,219,0,
0,0,0,0,0,
0,0,0,0,0,
757,0,757,0,757,
1,0,1,0,1,
0,0,0,0,0,
181,181,181,181,181,
0,0,0,0,0,
0,255,0,255,0,
0,0,0,0,0,
0,0,0,0,0,
161,0,1,0,161,
1,0,2,0,1,
0,0,0,0,0,
0,0,0,0,0,
0,0,0,0,0,
0,220,0,219,0,
0,0,0,0,0,
0,0,0,0,0,
757,0,757,0,757,
1,0,1,0,1,
0,0,0,0,0,
181,181,181,181,181,
0,0,0,0,0,
0,255,0,255,0,
0,0,0,0,0,
0,0,0,0,0,
161,0,1,0,161,
1,0,2,0,1,
0,0,0,0,0,
0,0,0,0,0,
0,0,0,0,0,
0,220,0,219,0,
0,0,0,0,0,
181,181,181,181,181,
0,0,0,0,0,
0,0,2,0,0,
0,1,1,1,0,
0,6,6,6,0,
0,0,0,0,0,
0,255,0,61,0,
0,1,0,1,0,
0,27,87,27,0,
0,0,0,0,0,
0,0,61,0,1,
0,0,1,0,1,
0,0,27,27,27,
0,0,0,0,0,
0,255,0,61,0,
0,1,0,1,0,
0,27,27,27,0,
0,0,0,0,0,
0,0,61,0,1,
0,0,1,0,1,
0,0,27,27,27,
0,0,0,0,0,
0,255,0,61,0,
181,1,181,1,181,
0,27,27,27,0,
0,0,0,0,0,
0,0,61,0,0,
0,757,1,757,0,
0,0,0,0,0,
0,0,0,0,0,
0,220,0,219,0,
0,0,0,0,2,
0,0,0,2,0,
0,0,2,0,0,
0,2,0,0,0,
2,0,0,757,0,
0,2,0,0,0,
0,0,2,0,0,
0,0,0,2,0,
0,757,0,0,2,
0,0,0,2,0,
0,0,2,0,0,
0,2,0,0,0,
2,0,0,757,0,
0,2,0,0,0,
0,0,2,0,0,
0,0,0,2,0,
0,757,0,0,2,
0,0,0,0,0,
181,181,181,181,181,
0,220,0,219,0,
0,0,0,0,0,
0,0,0,0,0,
0,0,0,0,0,
0,0,2,0,0,
161,1,1,1,161,
1,1,753,1,1,
0,0,0,0,0,
0,220,0,219,0,
161,1,1,1,161,
1,1,753,1,1,
0,0,0,0,0,
0,0,2,0,0,
161,1,1,1,161,
1,1,753,1,1,
0,0,0,0,0,
0,220,0,219,0,
161,1,1,1,161,
1,1,753,1,1,
0,0,0,0,0,
2,0,0,0,2,
1,0,757,0,1,
0,1,758,1,0,
181,181,182,181,181,
0,0,2,0,0,
0,0,0,0,0,
757,0,0,0,757,
0,0,0,0,0,
0,220,0,219,0,
0,0,0,0,0,
757,0,0,0,757,
0,0,0,0,0,
0,0,2,0,0,
0,1,1,1,0,
1,0,758,0,1,
0,1,1,1,0,
757,0,2,0,757,
181,181,181,181,181,
0,0,1,0,0,
0,1,758,1,0,
2,1,1,1,2,
1,1,1,1,1,
1,1,758,1,1,
1,1,1,1,1,
1,1,1,1,1,
757,1,1,1,757,
0,1,758,1,0,
0,0,0,0,0,
2,0,0,0,2,
0,0,757,0,0,
0,1,758,1,0,
0,0,0,0,0,
0,0,2,0,0,
757,0,1,0,757,
0,1,758,1,0,
181,181,181,181,181,
2,0,0,0,2,
0,0,757,0,0,
0,1,758,1,0,
0,0,0,0,0,
0,0,2,0,0,
0,0,0,0,0,
0,0,0,0,0,
0,0,0,0,0,
0,220,0,219,0,
0,0,0,0,0,
0,0,0,0,0,
0,0,0,0,0,
2,161,0,161,2,
0,0,0,0,0,
0,0,0,0,0,
0,1,0,1,0,
0,0,738,0,0,
0,1,0,1,0,
181,181,181,181,181,
0,0,0,0,0,
0,220,0,219,0,
0,0,0,0,0,
161,0,0,0,161,
117,0,0,0,117,
117,0,2,0,117,
757,1,117,1,757,
0,1,117,1,0,
0,1,117,1,0,
2,1,117,1,2,
0,161,117,161,0,
0,1,1,1,0,
0,1,1,1,0,
0,2,1,2,0,
0,0,0,0,0,
0,0,757,0,0,
0,0,0,0,0,
2,0,0,0,2,
0,0,0,0,0,
181,181,181,181,181,
0,0,0,0,0,
0,2,0,757,757,
0,0,0,0,0,
0,0,0,0,0,
0,0,0,0,0,
757,757,0,2,0,
0,0,0,0,0,
0,0,0,0,0,
0,0,0,0,0,
0,2,0,757,757,
0,0,0,0,0,
0,0,0,0,0,
0,0,0,0,0,
0,0,2,0,0,
161,1,1,1,161,
1,1,752,1,1,
1,1,1,1,1,
1,1,1,1,1,
757,6,757,6,757,
181,181,181,181,181,
0,0,0,0,0,
0,2,0,2,0,
0,1,1,1,0,
0,27,27,27,0,
0,27,27,27,0,
0,27,0,27,0,
0,27,0,27,0,
0,27,0,27,0,
0,27,27,27,0,
0,0,27,0,0,
0,0,1,0,0,
181,182,182,182,181,
0,1,1,1,0,
0,1,1,1,0,
757,1,744,1,757,
0,1,1,1,0,
0,0,1,0,0,
0,27,27,27,0,
757,1,1,1,757,
0,1,744,1,0,
0,0,1,0,0,
0,27,27,27,0,
757,1,1,1,757,
0,1,744,1,0,
0,0,1,0,0,
0,27,27,27,0,
757,1,1,1,757,
0,1,744,1,0,
181,182,182,182,181,
0,1,1,1,0,
744,6,1,6,744,
6,1,1,1,6,
1,1,1,1,1,
1,1,672,1,1,
1,1,1,1,1,
6,1,1,1,6,
744,6,1,6,744,
6,1,1,1,6,
0,27,27,27,0,
0,1,1,1,0,
182,182,182,182,182,
0,1,1,1,0,
0,6,6,6,0,
0,27,27,27,0,
0,0,0,0,0,
0,0,61,0,0,
0,6,6,6,0,
744,1,1,1,744,
0,0,0,0,0,
0,61,0,61,0,
0,6,6,6,0,
744,1,1,1,744,
0,0,0,0,0,
0,0,61,0,0,
0,6,6,6,0,
744,1,1,1,744,
0,0,0,0,0,
0,61,0,61,0,
165,6,165,6,165,
181,182,182,182,181,
0,0,0,0,0,
221,2,2,2,221,
1,1,1,1,1,
756,1,756,1,756,
1,1,0,1,1,
1,1,0,1,1,
1,1,0,1,1,
1,1,755,1,1,
1,1,1,1,1,
1,1,6,1,1,
1,1,6,1,1,
0,756,6,756,0,
0,0,0,0,0,
0,0,2,0,0,
0,0,0,0,0,
181,181,181,181,181,
0,0,0,0,0,
0,2,0,2,0,
0,6,6,6,0,
0,1,755,1,0,
0,0,0,0,0,
0,0,61,0,0,
0,6,6,6,0,
0,1,1,1,0,
0,0,0,0,0,
0,61,0,61,0,
0,6,6,6,0,
0,1,755,1,0,
0,0,0,0,0,
0,0,61,0,0,
0,6,6,6,0,
181,1,1,1,181,
0,0,0,0,0,
0,61,0,61,0,
0,6,6,6,0,
0,1,755,1,0,
0,0,0,0,0,
0,0,61,0,0,
0,6,6,6,0,
1,1,0,1,1,
27,0,0,0,27,
1,1,755,1,1,
27,0,0,0,27,
1,1,0,1,1,
0,27,0,27,0,
0,1,0,1,0,
0,27,0,27,0,
0,1,0,1,0,
181,182,182,182,181,
757,65,1,41,757,
0,1,1,1,0,
7,7,7,7,7,
0,1,1,1,0,
757,42,1,65,757,
0,1,1,1,0,
7,7,7,7,7,
0,1,1,1,0,
757,65,1,41,757,
0,1,1,1,0,
7,7,7,7,7,
0,1,1,1,0,
0,42,1,65,0,
0,1,1,1,0,
7,7,7,7,7,
182,182,182,6,181,
1,758,1,6,757,
1,1,1,6,0,
0,6,6,6,0,
0,6,1,1,1,
757,6,1,758,1,
0,6,1,1,1,
0,6,6,6,0,
1,1,1,6,0,
1,758,1,6,757,
1,1,1,6,0,
0,6,6,6,0,
0,6,1,1,1,
757,6,1,758,1,
0,6,1,1,1,
0,6,6,6,0,
1,1,1,6,0,
1,758,1,6,757,
1,1,1,6,0,
0,6,6,6,0,
0,6,1,1,1,
757,6,1,758,1,
0,6,1,1,1,
0,0,0,0,0,
0,0,0,0,0,
2,0,757,0,86,
0,0,0,0,0,
181,181,181,181,181,
0,0,0,0,0,
0,2,2,0,0,
0,6,6,0,0,
1,1,1,0,0,
1,745,1,0,0,
1,1,1,0,0,
0,6,6,6,0,
0,0,1,1,1,
0,0,1,745,1,
0,0,1,1,1,
0,6,6,6,0,
1,1,1,0,0,
1,745,1,0,0,
1,1,1,0,0,
0,6,6,6,0,
0,0,1,1,1,
0,0,1,745,1,
0,0,1,1,1,
0,0,0,6,6,
181,181,181,182,182,
0,0,6,6,0,
0,7,7,7,0,
0,1,1,1,0,
161,1,751,1,161,
0,1,1,1,0,
0,7,7,7,0,
0,1,1,1,0,
161,1,750,1,161,
0,1,1,1,0,
0,7,7,7,0,
0,1,1,1,0,
161,1,751,1,161,
0,1,1,1,0,
0,7,7,7,0,
0,1,1,1,0,
161,1,750,1,161,
0,1,1,1,0,
0,7,7,7,0,
181,181,181,181,181,
0,0,0,0,0,
0,0,0,0,0,
0,2,2,2,0,
161,1,1,1,161,
0,1,1,1,0,
0,0,0,0,0,
750,1,61,1,751,
0,0,0,0,0,
750,1,61,1,751,
0,0,0,0,0,
750,1,61,1,751,
0,0,0,0,0,
0,0,0,0,0,
181,181,181,181,181,
0,161,2,161,0,
0,1,1,1,0,
161,1,1,1,161,
0,1,0,1,0,
0,27,0,27,0,
0,28,0,28,0,
0,27,0,27,0,
0,1,0,1,0,
161,1,161,1,161,
0,1,0,1,0,
0,0,0,0,0,
181,181,181,181,181,
0,2,2,2,0,
0,1,1,1,0,
7,7,7,7,7,
0,1,1,1,0,
161,1,751,1,161,
0,1,1,1,0,
7,7,7,7,7,
0,1,1,1,0,
161,1,750,1,161,
0,1,1,1,0,
7,7,7,7,7,
0,1,1,1,0,
161,1,751,1,161,
0,1,1,1,0,
7,7,7,7,7,
0,0,0,0,0,
0,0,0,0,0,
181,181,181,181,181,
0,0,2,0,0,
0,1,6,1,0,
6,61,6,61,6,
1,6,0,6,1,
6,0,0,0,6,
0,0,757,0,0,
61,0,757,0,61,
6,0,757,0,6,
1,0,0,0,1,
0,0,0,0,0,
1,61,0,61,1,
0,0,0,0,0,
61,1,0,1,61,
0,0,0,0,0,
0,61,0,61,0,
0,1,0,1,0,
181,181,181,181,181,
0,0,0,0,0,
1,2,1,2,1,
756,1,756,1,756,
0,1,1,1,0,
0,0,0,0,0,
0,220,0,219,0,
0,0,0,0,0,
0,0,0,0,0,
0,0,0,0,0,
0,0,2,0,0,
0,0,0,0,0,
757,0,0,0,757,
0,0,0,0,0,
0,2,0,2,0,
0,0,0,0,0,
181,181,181,181,181,
0,0,0,0,0,
0,1,2,1,0,
161,6,1,6,161,
0,27,0,27,0,
0,6,1,6,0,
161,1,6,1,161,
0,0,0,0,0,
86,0,0,0,0,
739,0,0,0,0,
739,740,0,0,0,
0,740,741,0,0,
0,0,741,742,0,
0,0,0,742,743,
0,255,0,255,0,
0,1,1,1,0,
0,1,1,1,0,
2,1,1,1,2,
1,1,1,1,1,
161,1,161,1,161,
1,1,1,1,1,
6,0,6,0,6,
0,1,0,1,0,
0,0,6,0,0,
0,2,2,2,0,
0,1,1,1,0,
161,1,754,1,161,
0,1,1,1,0,
181,183,183,183,181,
0,1,1,1,0,
161,754,1,754,161,
0,1,1,1,0,
0,6,6,6,0,
0,1,1,1,0,
161,1,754,1,161,
0,1,1,1,0,
0,0,0,0,0,
0,2,0,2,0,
0,0,738,0,0,
0,2,0,2,0,
0,0,0,0,0,
181,181,184,181,181,
2,161,754,161,2,
1,1,1,1,1,
1,1,1,1,1,
1,1,1,1,1,
1,755,1,755,1,
161,1,1,1,161,
0,1,1,1,0,
0,1,755,1,0,
0,1,1,1,0,
0,0,1,0,0,
6,0,0,0,6,
181,1,181,1,181,
0,0,738,0,0,
0,1,0,1,0,
0,0,0,0,0,
0,1,0,1,0,
0,0,738,0,0,
0,1,0,1,0,
0,0,0,0,0,
0,0,0,0,0,
220,0,0,0,219,
0,0,0,0,0,
757,0,0,0,757,
0,0,0,0,0,
0,0,2,0,0,
0,0,0,0,0,
181,181,181,181,181,
0,0,0,0,0,
0,220,0,219,0,
0,0,0,0,0,
0,0,757,0,0,
0,0,0,0,0,
0,2,2,2,0,
757,1,1,1,757,
1,1,1,1,1,
7,7,7,7,7,
0,1,1,1,0,
746,1,1,1,747,
1,1,755,1,1,
746,1,1,1,747,
0,1,1,1,0,
7,7,7,7,7,
757,1,1,1,757,
182,182,182,182,182,
1,0,1,0,1,
0,0,0,0,0,
0,757,0,757,0,
0,0,0,0,0,
0,0,2,0,0,
0,746,1,747,0,
0,1,1,1,0,
0,1,1,1,0,
746,1,1,1,747,
0,1,672,1,0,
0,1,1,1,0,
0,746,1,747,0,
757,1,1,1,757,
0,1,1,1,0,
0,0,757,0,0,
181,181,181,181,181,
0,220,0,219,0,
0,0,0,0,0,
0,0,0,0,0,
0,0,0,0,0,
0,0,2,0,0,
746,1,1,1,747,
1,1,755,1,1,
1,1,1,1,1,
1,1,6,1,1,
746,1,6,1,747,
0,1,0,1,0,
0,0,0,0,0,
220,0,0,0,219,
0,0,0,0,0,
181,181,181,181,181,
0,1,0,1,0,
0,0,2,0,0,
0,1,1,1,0,
757,0,1,0,757,
0,1,1,1,0,
0,2,0,2,0,
0,1,0,1,0,
757,0,0,0,757,
0,1,0,1,0,
0,0,2,0,0,
181,182,182,182,181,
7,7,7,7,7,
0,1,1,1,0,
0,746,1,747,0,
0,1,1,1,0,
7,7,7,7,7,
0,1,0,1,0,
0,27,0,27,0,
0,1,0,1,0,
7,7,7,7,7,
0,1,1,1,0,
0,746,1,747,0,
0,1,1,1,0,
7,7,7,7,7,
181,182,181,182,181,
0,27,0,27,0,
0,1,0,1,0,
7,7,7,7,7,
0,1,1,1,0,
0,746,1,747,0,
0,1,1,1,0,
7,7,7,7,7,
0,1,0,1,0,
0,27,0,27,0,
0,1,0,1,0,
7,7,7,7,7,
1,1,1,1,1,
1,161,1,161,1,
0,1,0,1,0,
0,0,0,0,0,
0,0,0,0,0,
181,181,2,181,181,
0,1,755,1,0,
0,1,1,1,0,
161,1,1,1,161,
1,1,672,1,1,
1,1,1,1,1,
746,1,1,1,747,
117,1,1,1,117,
117,1,1,1,117,
6,1,1,1,6,
117,1,748,1,117,
117,1,1,1,117,
117,1,1,1,117,
1,1,1,1,1,
1,1,6,1,1,
1,6,117,6,1,
1,6,117,6,1,
1,6,117,6,1,
181,182,182,182,181,
0,1,1,1,0,
0,0,2,0,0,
0,1,1,1,0,
0,0,1,0,0,
0,1,757,1,0,
757,0,1,0,757,
0,1,757,1,0,
0,0,0,0,0,
181,181,181,181,181,
0,0,255,0,0,
1,6,1,6,1,
756,6,1,6,756,
1,6,1,6,1,
0,1,1,1,0,
0,1,756,1,0,
0,1,1,1,0,
0,1,1,1,0,
0,0,1,0,0,
0,0,0,0,0,
0,255,1,255,0,
181,181,181,181,181,
0,0,0,0,86,
0,0,0,742,0,
0,0,741,0,0,
0,740,0,0,0,
739,0,0,0,0,
1,6,0,6,1,
6,1,255,1,6,
0,1,1,1,0,
2,1,1,1,2,
1,1,1,1,1,
1,1,520,1,1,
1,1,1,1,1,
1,161,2,161,1,
0,0,0,0,0,
757,0,0,0,757,
0,0,0,0,0,
0,0,0,0,0,
0,757,0,757,0,
181,181,181,181,181,
0,0,0,0,0,
0,255,0,255,0,
1,1,1,1,1,
1,1,1,1,1,
1,756,756,756,1,
1,5,5,5,1,
0,1,1,1,0,
0,0,1,0,0,
0,0,0,0,0,
0,220,0,219,0,
0,0,0,0,0,
0,0,0,0,0,
0,0,0,0,0,
0,0,2,0,0,
757,0,0,0,757,
0,0,0,0,0,
0,0,0,0,0,
2,0,0,0,2,
0,0,757,0,0,
181,181,181,181,181,
0,0,0,0,0,
0,0,2,0,0,
0,0,0,0,0,
0,0,0,0,0,
0,0,0,0,0,
2,2,0,2,2,
756,1,756,1,756,
1,1,0,1,1,
27,27,0,27,27,
1,1,0,1,1,
1,756,0,756,1,
1,1,0,1,1,
28,28,0,28,28,
1,1,0,1,1,
756,1,756,1,756,
0,1,1,1,0,
181,181,181,181,181,
0,1,1,1,0,
0,756,756,756,0,
0,1,1,1,0,
0,0,0,0,0,
0,0,255,0,0,
0,0,0,0,0,
0,0,0,0,0,
0,0,0,0,0,
2,0,0,0,2,
0,0,0,0,0,
0,1,1,1,0,
0,756,756,756,0,
0,1,1,1,0,
0,0,0,0,0,
0,0,0,0,0,
0,0,0,0,0,
0,0,255,0,222,
0,0,0,0,0,
181,181,181,181,181,
0,0,0,0,0,
0,2,0,2,0,
6,6,0,6,6,
0,1,0,1,0,
0,0,0,0,0,
0,61,0,61,0,
6,6,5,6,6,
0,0,5,0,0,
61,5,5,5,61,
1,5,5,5,1,
6,6,1,6,6,
8,1,1,1,8,
8,1,1,1,8,
8,1,1,1,8,
8,1,1,1,8,
8,1,1,1,8,
8,1,1,1,8,
1,1,1,1,1,
0,1,1,1,0,
0,1,1,1,0

